sims_africaeurope_5050_20gen_rep1 0 0 21.8650681970172 4.42702722615634
sims_africaeurope_5050_20gen_rep2 0 0 18.7411400976678 4.54539947102788
sims_africaeurope_5050_20gen_rep3 0 0 17.6685535977499 5.07943160362552
sims_africaeurope_5050_20gen_rep4 0 0 20.4308718514753 4.05835804890471
sims_africaeurope_5050_20gen_rep5 0 0 16.6554687458469 3.65769931175704
sims_africaeurope_5050_20gen_rep6 0 0 19.2864518014601 4.63896477120192
sims_africaeurope_5050_20gen_rep7 0 0 25.2219981081986 5.58866833050246
sims_africaeurope_5050_20gen_rep8 0 0 21.0751074023925 3.94088543503716
sims_africaeurope_5050_20gen_rep9 0 0 16.7403132361468 3.85341306593902
sims_africaeurope_5050_20gen_rep10 0 0 19.7828619068519 5.75201909672509
sims_africaeurope_5050_20gen_rep11 0 0 18.485353017931 5.32723936976705
sims_africaeurope_5050_20gen_rep12 0 0 22.9780856170087 4.80704105034516
sims_africaeurope_5050_20gen_rep13 0 0 28.5450305725361 5.67557904492766
sims_africaeurope_5050_20gen_rep14 0 0 34.173053115004 6.58596969633696
sims_africaeurope_5050_20gen_rep15 0 0 23.1328059111378 4.02883070102407
sims_africaeurope_5050_20gen_rep16 0 0 18.1631124593558 6.03156984921883
sims_africaeurope_5050_20gen_rep17 0 0 17.7223990820834 4.21266676320421
sims_africaeurope_5050_20gen_rep18 0 0 17.4073002950646 3.90237472537314
sims_africaeurope_5050_20gen_rep19 0 0 22.5095404954907 5.75259100295215
sims_africaeurope_5050_20gen_rep20 0 0 21.0898712242157 4.4066805393713
sims_africaeurope_5050_20gen_rep21 0 0 22.0460437273089 4.87198579458577
sims_africaeurope_5050_20gen_rep22 0 0 18.1426456670279 3.21477039350759
sims_africaeurope_5050_20gen_rep23 0 0 17.3007164095264 2.49464375563054
sims_africaeurope_5050_20gen_rep24 0 0 25.4495606481184 6.97777960914657
sims_africaeurope_5050_20gen_rep25 0 0 20.5690788339594 5.81306521572352
sims_africaeurope_5050_20gen_rep26 0 0 23.6002229203744 3.45182149878084
sims_africaeurope_5050_20gen_rep27 0 0 20.5617925717741 3.74956519622479
sims_africaeurope_5050_20gen_rep28 0 0 21.5353093772186 5.38097203558722
sims_africaeurope_5050_20gen_rep29 0 0 14.6636199757534 3.82913171874615
sims_africaeurope_5050_20gen_rep30 0 0 23.8830175372479 4.39748183363192
